   1.8769680e+01
   1.6126228e+01
   1.6950027e+01
   1.6344672e+01
   1.8447988e+01
   1.5122456e+01
   1.8833581e+01
   2.2453214e+01
   1.5263724e+01
   1.5075752e+01
   1.1866340e+01
   1.4036867e+01
   1.5241900e+01
   1.4992705e+01
   1.8787301e+01
   1.1258163e+01
   1.4851392e+01
   1.1156385e+01
   1.3788606e+01
   1.5147284e+01
   1.7107570e+01
   1.2041253e+01
   1.7570469e+01
   1.1466344e+01
   1.7870953e+01
   1.5739571e+01
   1.9383061e+01
   1.0774722e+01
   1.5471969e+01
   1.6814785e+01
   2.0962263e+01
   1.0124700e+01
   2.2312389e+01
   1.2376202e+01
   1.1017904e+01
   1.0033671e+01
   1.6444127e+01
   1.7455722e+01
   1.5341073e+01
   1.1308198e+01
   9.8623518e+00
   1.6054229e+01
   1.9700584e+01
   7.3776783e+00
   1.7004914e+01
   2.2489706e+01
   2.2078967e+01
   2.1760206e+01
   1.4479724e+01
   1.9467960e+01
   1.6400308e+01
   2.1211685e+01
   2.1284311e+01
   1.2634432e+01
   1.5472127e+01
   2.3004129e+01
   1.5209924e+01
   1.9946940e+01
   1.9175872e+01
   1.5554468e+01
   7.7459789e+00
   1.8512555e+01
   1.7849943e+01
   2.0572451e+01
   9.1182711e+00
   1.3384179e+01
   1.8386145e+01
   1.7439300e+01
   9.8153863e+00
   2.1861032e+01
   9.6012576e+00
   2.2013380e+01
   1.8602009e+01
   2.1026575e+01
   1.5977518e+01
   1.8126974e+01
   1.8107196e+01
   1.7099054e+01
   2.2150972e+01
   1.3837856e+01
   7.9749636e+00
   1.8404815e+01
   2.1742342e+01
   2.1701850e+01
   1.6219165e+01
   2.2407127e+01
   2.0066472e+01
   1.8938425e+01
   2.0805888e+01
   2.2478529e+01
   9.7206409e+00
   1.0393472e+01
   1.8550307e+01
   7.4193026e+00
   1.5814759e+01
   1.0324824e+01
   1.5925098e+01
   2.2799713e+01
   1.0172150e+01
   2.1491730e+01
   7.9095080e+00
   1.9242447e+01
   8.2633387e+00
   9.3802852e+00
   1.7945903e+01
   1.0065376e+01
   2.0266766e+01
   2.0224007e+01
   2.1284460e+01
   1.1387461e+01
   2.3222859e+01
   1.3851221e+01
   1.6007370e+01
   1.6373544e+01
   1.8200002e+01
   1.8181056e+01
   2.0933089e+01
   1.4286832e+01
   7.4363046e+00
   1.1601440e+01
   1.0049972e+01
   1.4996730e+01
   1.0285934e+01
   1.9489787e+01
   8.2497502e+00
   1.6947051e+01
   1.3920945e+01
   2.0731620e+01
   2.2192405e+01
   1.9120411e+01
   1.7082381e+01
   1.6268239e+01
   6.8283761e+00
   1.5740595e+01
   1.0597754e+01
   8.8179538e+00
   1.6639375e+01
   1.3694914e+01
   2.1753533e+01
   1.4696208e+01
   1.6273291e+01
   1.7543881e+01
   8.7367121e+00
   2.2366704e+01
   1.6257301e+01
   1.3017493e+01
   2.0902128e+01
   1.6009792e+01
   1.7381614e+01
   1.5705127e+01
   1.7447518e+01
   1.2532019e+01
   1.6641061e+01
   1.5570049e+01
   2.2885494e+01
   2.3154612e+01
   1.2965831e+01
   9.9748659e+00
   1.5374041e+01
   1.0064946e+01
   7.5262465e+00
   2.2900483e+01
   1.8551962e+01
   2.3171885e+01
   1.0274968e+01
   1.4801251e+01
   1.5602282e+01
   1.4978247e+01
   1.2197836e+01
   1.3350192e+01
   2.1531890e+01
   1.9492925e+01
   1.2391642e+01
   1.0246843e+01
   1.1656277e+01
   9.6437031e+00
   2.1821456e+01
   1.3991105e+01
   1.9306575e+01
   2.3016802e+01
   1.5651298e+01
   1.6421832e+01
   2.0330953e+01
   1.3961253e+01
   1.9998137e+01
   1.5589512e+01
   2.2575651e+01
   1.8295070e+01
   1.9540511e+01
   8.0837748e+00
   1.5918849e+01
   1.8327363e+01
   2.0507526e+01
   1.6107390e+01
   2.3061446e+01
   7.6121071e+00
   2.0838642e+01
   1.7732100e+01
   1.1490978e+01
   1.2144779e+01
