   6.1662566e-01   5.3994316e-01
   6.5760637e-01   4.2037422e-01
   3.0714407e-01   6.1521121e-01
   6.6101914e-01   4.8977151e-01
   5.3456166e-01   4.0782720e-01
   2.9389318e-01   6.7255070e-01
   3.7532420e-01   6.4417427e-01
   4.9609668e-01   4.9757035e-01
   6.8087808e-01   5.3011379e-01
   6.8419984e-01   5.1417012e-01
   3.2092589e-01   3.4348403e-01
   6.8676675e-01   3.8556085e-01
   6.8072513e-01   4.6191551e-01
   4.6841904e-01   3.5371967e-01
   6.1012621e-01   6.2993896e-01
   3.1384885e-01   3.3764393e-01
   4.3979258e-01   3.5166480e-01
   6.6208099e-01   3.2681862e-01
   6.0649330e-01   3.5244893e-01
   6.8177159e-01   4.4606441e-01
   5.4508331e-01   3.8999603e-01
   2.6607026e-01   6.6552084e-01
   6.3210819e-01   4.4359333e-01
   6.7029696e-01   3.3316734e-01
   5.5543082e-01   6.5719644e-01
   5.9098306e-01   6.9088677e-01
   5.8440961e-01   4.4749149e-01
   4.2650216e-01   3.0000365e-01
   5.4496505e-01   3.6612911e-01
   3.2703401e-01   4.3392393e-01
   5.6772074e-01   5.1770323e-01
   2.6432478e-01   3.6799529e-01
   3.7461534e-01   5.2127939e-01
   2.7077713e-01   5.7004710e-01
   2.9370930e-01   3.4978603e-01
   6.2055602e-01   3.0283794e-01
   5.6267288e-01   3.8350414e-01
   3.9269477e-01   3.9345024e-01
   6.7759992e-01   4.4087504e-01
   2.6550074e-01   4.7853623e-01
   4.4743496e-01   2.8848211e-01
   4.2170131e-01   3.6811701e-01
   5.9448255e-01   6.1045658e-01
   6.0783996e-01   2.6314912e-01
   3.3409267e-01   6.6798436e-01
   4.7039398e-01   5.7864889e-01
   4.5051379e-01   4.6987404e-01
   5.4084085e-01   5.1033628e-01
   5.6921417e-01   3.5677761e-01
   5.8960901e-01   4.5648197e-01
   3.7421128e-01   6.8338984e-01
   5.5586620e-01   4.9606257e-01
   5.4479410e-01   4.8451112e-01
   3.2317528e-01   3.5421747e-01
   3.0354896e-01   4.7000398e-01
   4.7426382e-01   5.3082704e-01
   6.8188478e-01   5.5561099e-01
   4.0317358e-01   4.2798185e-01
   5.1337049e-01   4.1534649e-01
   3.5071537e-01   6.9459190e-01
   5.8807018e-01   2.6698249e-01
   3.6479280e-01   6.4832560e-01
   4.7768067e-01   6.6097907e-01
   5.6458453e-01   6.0828274e-01
   6.5090646e-01   2.9442053e-01
   6.8168114e-01   3.6784203e-01
   4.9624699e-01   4.0091058e-01
   3.1238100e-01   5.5587758e-01
   3.1718230e-01   3.1144891e-01
   3.6587871e-01   5.7455237e-01
   6.2832277e-01   2.9804284e-01
   3.6442698e-01   5.4419081e-01
   6.1642817e-01   4.7237827e-01
   3.5958624e-01   6.0057328e-01
   6.6816863e-01   5.7176669e-01
   4.0749269e-01   6.5667425e-01
   3.3846786e-01   6.5091513e-01
   3.6298774e-01   4.0037337e-01
   5.2722010e-01   5.6443562e-01
   4.6297998e-01   3.3901442e-01
   4.0824678e-01   2.6374343e-01
   6.2387288e-01   5.8483342e-01
   5.1336884e-01   4.7501010e-01
   4.9737562e-01   4.6596496e-01
   6.6273715e-01   6.5712501e-01
   3.7862756e-01   5.2443999e-01
   5.9074010e-01   5.2794988e-01
   5.8917809e-01   6.3674904e-01
   4.2120063e-01   6.1247024e-01
   5.0551974e-01   5.0952468e-01
   2.8413443e-01   3.3231511e-01
   2.7427755e-01   3.5796940e-01
   4.8885890e-01   6.4893037e-01
   6.0062525e-01   2.6290337e-01
   6.7030481e-01   4.7045562e-01
   3.0845779e-01   3.2556722e-01
   5.0597065e-01   6.9040629e-01
   4.6122579e-01   5.7071251e-01
   2.5535593e-01   4.7521223e-01
   4.0170519e-01   4.6198977e-01
   3.2298204e-01   2.7682849e-01
   6.0742804e-01   5.5688736e-01
   3.9004677e-01   2.6909401e-01
   4.8783991e-01   2.8215046e-01
   3.2454193e-01   4.8474243e-01
   5.2089187e-01   2.9352851e-01
   3.6833708e-01   6.1816685e-01
   5.4433559e-01   6.1789619e-01
   5.6014653e-01   5.7509782e-01
   5.8666822e-01   3.1743945e-01
   4.5274372e-01   5.4682236e-01
   2.8771962e-01   4.8336772e-01
   3.5303964e-01   6.8783855e-01
   6.6100181e-01   5.4204617e-01
   3.1857011e-01   6.1014876e-01
   6.2161764e-01   4.5420897e-01
   4.9225410e-01   4.4457618e-01
   6.9826062e-01   6.2139121e-01
   2.8517899e-01   2.8756142e-01
   4.4920522e-01   3.0992695e-01
   2.9799375e-01   3.2802488e-01
   6.8285414e-01   4.2592201e-01
   2.5208540e-01   6.2412088e-01
   5.9870971e-01   6.1151398e-01
   6.1778645e-01   2.7721203e-01
   6.4091262e-01   4.2966600e-01
   2.8799613e-01   4.8709412e-01
   4.2990219e-01   4.3755976e-01
   3.6694168e-01   5.4558695e-01
   6.1003082e-01   5.3258801e-01
   4.4413622e-01   3.8139284e-01
   6.5979142e-01   4.4424303e-01
   3.3183116e-01   2.5696921e-01
   3.6871131e-01   6.9282868e-01
   3.1549254e-01   3.2522578e-01
   3.1123085e-01   2.9779736e-01
   6.4118149e-01   4.1758438e-01
   5.1086706e-01   3.3915328e-01
   4.9743709e-01   4.7035944e-01
   3.1522966e-01   4.0277204e-01
   6.3386400e-01   6.7823371e-01
   5.2992481e-01   6.6414942e-01
   4.0792857e-01   2.7370465e-01
   4.8096229e-01   5.8203614e-01
   4.3081362e-01   3.7110374e-01
   2.8418501e-01   4.4027603e-01
   3.5796227e-01   4.9654191e-01
   3.0549352e-01   6.7423164e-01
   3.3275850e-01   4.3798485e-01
   3.5797864e-01   6.9237361e-01
   4.3777018e-01   3.8565473e-01
   2.7234449e-01   5.6549444e-01
   6.5622225e-01   5.4985248e-01
   6.7515424e-01   4.9260691e-01
   4.7088884e-01   5.6414748e-01
   4.7016369e-01   5.4993756e-01
   4.0197373e-01   3.3015960e-01
   6.5502423e-01   3.0760648e-01
   4.1616105e-01   6.9958618e-01
   3.0004124e-01   3.2700448e-01
   6.0111343e-01   2.6467037e-01
   4.2538248e-01   5.0253991e-01
   3.5876108e-01   6.4683993e-01
   4.3176047e-01   5.5112889e-01
   2.9340454e-01   3.3569497e-01
   3.0938798e-01   4.1601245e-01
   6.7392277e-01   4.5732667e-01
   6.8026054e-01   6.9173708e-01
   5.0884387e-01   3.2038223e-01
   2.7690079e-01   6.3498526e-01
   3.5565096e-01   5.4014404e-01
   4.0892136e-01   4.1932249e-01
   6.1953732e-01   3.3591566e-01
   2.5693155e-01   4.4271385e-01
   2.6936071e-01   4.6690993e-01
   3.2604551e-01   3.0427523e-01
   5.4210196e-01   5.1527837e-01
   5.7927507e-01   3.5178446e-01
   5.4148568e-01   4.2307861e-01
   4.5291567e-01   5.1234387e-01
   4.9615400e-01   3.6331276e-01
   3.8334436e-01   3.8069830e-01
   5.8511176e-01   5.2769090e-01
   3.3502976e-01   3.6937641e-01
   5.5904895e-01   6.2096932e-01
   3.3258002e-01   6.9219853e-01
   4.1581807e-01   5.7861196e-01
   5.3152835e-01   4.0474465e-01
   6.0110235e-01   5.1283120e-01
   2.8650660e-01   2.9849606e-01
   6.6822369e-01   6.5783867e-01
   5.9907071e-01   6.4584418e-01
   4.6905623e-01   6.1799225e-01
   4.4613636e-01   3.6732760e-01
   4.5105269e-01   5.1746031e-01
   3.8785726e-01   2.6013067e-01
   4.7882889e-01   4.4136669e-01
   4.7984720e-01   3.9072350e-01
   6.1793247e-01   3.2266813e-01
   6.0767414e-01   3.3044478e-01
